33333333333333333333333333333333333333
33333000000000000000000000000000033333
33333000000000000000000000000000033333
33333000000000000000000000000000033333
33333000000000000000000000000000033333
33333000000000000000000000000000033333
33333000000000000000000000000000033333
33333000000000000000000000000000033333
33333000000000000000000000000000033333
33333000000000000000000000000000033333
33333000000000000000000000000000033333
33333333333333333333333333333333333333
33333333333333333333333333333333333333
33000000000000000000000000000000000033
33000000000000000000000000000000000033
33000000000000000000000000000000000033
33000000000000000000000000000000000033
33000000000000000000000000000000000033
33333333333333333333333333333333333333
33333300000000000000000000000000333333
33333300000000000000000000000000333333
33333333333333333333333333333333333333