33333333333333333333333333333333333333
30000300000000003000030000000000000003
30000300000000003000030000000000000003
30000300000000003000030000000000000003
30000300000000003000030000000000000003
33333300000000003000030000000000000003
33333300000000003000033333333333333333
33333300000000003000033330303030303333
33333300000000003000033330303030303333
33333300000000003000033333333333333333
33333300000000003000033333333333333333
33333300000000003000033333333333333333
33333300000000003000033333333333333333
33333300000000003000033333333333333333
33333300000000003000033333333333333333
33333300000000003000033333333333333333
33333300000000003000033333333333333333
33333300000000003000033333333333333333
33333300000000003000033333333333333333
33333300000000003000033333333333333333
33333300000000003000033333333333333333
33333333333333333333333333333333333333